    0     1     3     6    10    15    21    28    36    45    55    66    78    91   105   120   136   153   171   190   210   231   253   276   300   325   351   378   406   435 
    2     4     7    11    16    22    29    37    46    56    67    79    92   106   121   137   154   172   191   211   232   254   277   301   326   352   379   407   436   466 
    5     8    12    17    23    30    38    47    57    68    80    93   107   122   138   155   173   192   212   233   255   278   302   327   353   380   408   437   467   498 
    9    13    18    24    31    39    48    58    69    81    94   108   123   139   156   174   193   213   234   256   279   303   328   354   381   409   438   468   499   531 
   14    19    25    32    40    49    59    70    82    95   109   124   140   157   175   194   214   235   257   280   304   329   355   382   410   439   469   500   532   565 
   20    26    33    41    50    60    71    83    96   110   125   141   158   176   195   215   236   258   281   305   330   356   383   411   440   470   501   533   566   600 
   27    34    42    51    61    72    84    97   111   126   142   159   177   196   216   237   259   282   306   331   357   384   412   441   471   502   534   567   601   636 
   35    43    52    62    73    85    98   112   127   143   160   178   197   217   238   260   283   307   332   358   385   413   442   472   503   535   568   602   637   673 
   44    53    63    74    86    99   113   128   144   161   179   198   218   239   261   284   308   333   359   386   414   443   473   504   536   569   603   638   674   711 
   54    64    75    87   100   114   129   145   162   180   199   219   240   262   285   309   334   360   387   415   444   474   505   537   570   604   639   675   712   750 
   65    76    88   101   115   130   146   163   181   200   220   241   263   286   310   335   361   388   416   445   475   506   538   571   605   640   676   713   751   790 
   77    89   102   116   131   147   164   182   201   221   242   264   287   311   336   362   389   417   446   476   507   539   572   606   641   677   714   752   791   831 
   90   103   117   132   148   165   183   202   222   243   265   288   312   337   363   390   418   447   477   508   540   573   607   642   678   715   753   792   832   873 
  104   118   133   149   166   184   203   223   244   266   289   313   338   364   391   419   448   478   509   541   574   608   643   679   716   754   793   833   874   916 
  119   134   150   167   185   204   224   245   267   290   314   339   365   392   420   449   479   510   542   575   609   644   680   717   755   794   834   875   917   960 
  135   151   168   186   205   225   246   268   291   315   340   366   393   421   450   480   511   543   576   610   645   681   718   756   795   835   876   918   961  1005 
  152   169   187   206   226   247   269   292   316   341   367   394   422   451   481   512   544   577   611   646   682   719   757   796   836   877   919   962  1006  1051 
  170   188   207   227   248   270   293   317   342   368   395   423   452   482   513   545   578   612   647   683   720   758   797   837   878   920   963  1007  1052  1098 
  189   208   228   249   271   294   318   343   369   396   424   453   483   514   546   579   613   648   684   721   759   798   838   879   921   964  1008  1053  1099  1146 
  209   229   250   272   295   319   344   370   397   425   454   484   515   547   580   614   649   685   722   760   799   839   880   922   965  1009  1054  1100  1147  1195 
  230   251   273   296   320   345   371   398   426   455   485   516   548   581   615   650   686   723   761   800   840   881   923   966  1010  1055  1101  1148  1196  1245 
  252   274   297   321   346   372   399   427   456   486   517   549   582   616   651   687   724   762   801   841   882   924   967  1011  1056  1102  1149  1197  1246  1296 
  275   298   322   347   373   400   428   457   487   518   550   583   617   652   688   725   763   802   842   883   925   968  1012  1057  1103  1150  1198  1247  1297  1348 
  299   323   348   374   401   429   458   488   519   551   584   618   653   689   726   764   803   843   884   926   969  1013  1058  1104  1151  1199  1248  1298  1349  1401 
  324   349   375   402   430   459   489   520   552   585   619   654   690   727   765   804   844   885   927   970  1014  1059  1105  1152  1200  1249  1299  1350  1402  1455 
  350   376   403   431   460   490   521   553   586   620   655   691   728   766   805   845   886   928   971  1015  1060  1106  1153  1201  1250  1300  1351  1403  1456  1510 
  377   404   432   461   491   522   554   587   621   656   692   729   767   806   846   887   929   972  1016  1061  1107  1154  1202  1251  1301  1352  1404  1457  1511  1566 
  405   433   462   492   523   555   588   622   657   693   730   768   807   847   888   930   973  1017  1062  1108  1155  1203  1252  1302  1353  1405  1458  1512  1567  1623 
  434   463   493   524   556   589   623   658   694   731   769   808   848   889   931   974  1018  1063  1109  1156  1204  1253  1303  1354  1406  1459  1513  1568  1624  1681 
  464   494   525   557   590   624   659   695   732   770   809   849   890   932   975  1019  1064  1110  1157  1205  1254  1304  1355  1407  1460  1514  1569  1625  1682  1740 
