894
13 20
15 2
19 4
39 16
41 4
43 15
61 11
73 20
90 6
102 16
105 3
115 10
135 13
153 11
167 11
170 6
173 4
193 18
212 19
226 20
228 7
234 12
252 17
263 6
278 3
279 17
296 2
303 16
318 16
325 20
343 9
360 20
364 16
382 2
388 3
389 20
398 6
409 18
423 13
427 8
434 16
439 4
457 3
468 4
486 17
489 7
506 19
513 12
520 16
533 4
543 13
558 10
568 17
576 4
586 3
589 16
607 7
618 15
619 2
637 10
647 12
664 19
675 15
685 9
687 3
699 11
706 19
718 9
733 11
737 4
750 6
762 11
767 2
784 5
799 15
806 17
812 3
827 8
844 4
852 18
870 12
890 17
900 3
905 4
919 8
939 18
944 3
964 9
980 17
986 11
989 12
996 20
1010 13
1030 2
1038 7
1049 6
1067 2
1069 19
1073 18
1088 9
1093 14
1100 9
1116 6
1126 11
1128 7
1141 16
1159 11
1175 3
1178 7
1194 11
1207 6
1223 3
1230 9
1243 10
1249 7
1268 2
1288 17
1290 7
1292 3
1310 16
1319 2
1330 6
1343 18
1363 15
1367 15
1384 9
1404 4
1415 18
1427 3
1447 9
1457 10
1459 1
1465 4
1473 7
1479 17
1493 15
1503 5
1515 2
1529 4
1538 18
1556 5
1562 10
1571 8
1590 12
1592 18
1593 3
1600 2
1604 4
1621 3
1624 15
1643 16
1644 8
1656 12
1658 6
1665 10
1680 5
1686 12
1692 14
1711 4
1717 20
1731 18
1746 12
1757 18
1773 8
1793 18
1795 10
1808 2
1817 5
1822 10
1824 12
1843 16
1851 17
1858 5
1868 17
1888 7
1896 13
1912 2
1917 7
1936 12
1950 10
1959 7
1978 1
1998 8
2015 16
2032 18
2051 8
2056 18
2060 11
2062 5
2069 14
2073 15
2079 19
2087 2
2092 7
2105 10
2121 13
2129 7
2135 7
2141 2
2156 2
2168 13
2169 16
2172 16
2179 4
2192 5
2209 16
2220 15
2234 19
2242 11
2259 13
2279 4
2284 8
2294 10
2300 15
2304 12
2313 15
2330 1
2340 19
2357 8
2371 1
2384 11
2400 15
2417 1
2430 16
2441 9
2449 3
2462 5
2464 14
2478 19
2487 9
2498 9
2501 7
2510 5
2515 17
2527 18
2544 16
2564 4
2575 8
2580 3
2584 7
2588 3
2597 16
2616 10
2625 13
2634 9
2647 19
2664 16
2681 18
2701 1
2715 11
2725 11
2744 2
2750 9
2759 10
2770 4
2787 6
2806 17
2807 17
2814 2
2815 7
2817 14
2834 11
2843 13
2851 20
2856 13
2858 6
2873 20
2880 1
2888 8
2898 11
2909 18
2925 9
2932 9
2950 13
2952 18
2963 3
2974 7
2979 11
2990 12
3000 7
3017 12
3029 11
3040 11
3051 11
3069 13
3070 8
3072 8
3081 8
3097 6
3109 9
3112 2
3116 6
3136 8
3152 10
3164 6
3180 8
3189 20
3207 19
3217 9
3226 7
3239 1
3245 14
3254 6
3256 16
3259 13
3264 6
3279 20
3282 14
3289 18
3305 18
3320 3
3337 3
3351 15
3365 3
3380 14
3381 7
3396 19
3416 15
3420 13
3422 7
3428 18
3432 12
3449 6
3466 4
3481 12
3494 10
3501 10
3513 20
3529 5
3544 2
3555 15
3563 5
3568 19
3579 9
3591 12
3598 17
3608 2
3628 18
3647 16
3660 13
3680 6
3694 6
3701 18
3706 14
3720 11
3735 4
3753 14
3761 2
3773 10
3775 3
3777 8
3788 3
3797 10
3809 7
3815 5
3827 17
3829 5
3831 20
3833 18
3846 16
3855 19
3874 6
3886 19
3905 3
3925 1
3943 1
3951 8
3966 9
3976 7
3983 7
3994 18
3997 4
4000 16
4003 16
4016 15
4019 13
4032 14
4042 4
4046 9
4064 3
4073 15
4089 16
4104 10
4108 16
4116 11
4130 10
4150 16
4163 14
4166 15
4176 15
4177 4
4185 5
4202 17
4222 12
4239 10
4254 5
4258 10
4259 10
4270 16
4287 19
4305 10
4325 18
4342 13
4345 19
4364 4
4370 12
4378 13
4386 16
4387 20
4395 18
4404 2
4418 4
4421 14
4435 13
4437 10
4440 11
4452 15
4472 8
4491 3
4498 9
4504 12
4524 13
4540 20
4541 8
4560 8
4577 7
4578 11
4588 3
4604 15
4611 17
4628 2
4636 8
4652 19
4667 6
4668 13
4682 7
4698 14
4709 11
4722 11
4733 11
4743 7
4752 10
4761 18
4765 5
4770 3
4783 1
4787 12
4795 11
4806 14
4822 11
4841 9
4850 14
4864 20
4881 18
4883 7
4903 12
4908 8
4921 6
4939 17
4949 2
4968 14
4970 14
4988 1
5004 8
5010 3
5020 4
5031 11
5049 17
5051 6
5065 3
5077 14
5083 8
5084 19
5097 18
5104 14
5115 5
5135 12
5145 17
5149 5
5165 10
5172 17
5185 9
5192 2
5197 8
5204 11
5207 10
5211 8
5221 16
5239 2
5245 4
5253 16
5273 7
5293 9
5296 3
5301 10
5313 3
5319 17
5331 13
5349 8
5361 17
5379 14
5385 13
5399 15
5400 11
5409 6
5424 16
5437 14
5451 12
5466 16
5481 19
5498 6
5500 2
5514 5
5528 12
5540 18
5548 2
5559 5
5565 16
5585 6
5604 20
5607 5
5622 16
5632 8
5639 4
5654 1
5669 11
5688 16
5700 12
5712 18
5727 15
5734 2
5750 9
5769 14
5774 10
5793 3
5802 2
5809 15
5826 16
5828 3
5840 8
5856 6
5866 14
5879 13
5896 4
5898 12
5916 8
5921 6
5938 3
5957 1
5969 17
5984 12
5994 1
6000 18
6008 19
6021 19
6027 8
6031 15
6044 8
6052 9
6063 9
6075 9
6084 9
6090 5
6101 4
6106 15
6118 11
6124 2
6135 4
6154 10
6156 11
6165 8
6175 4
6189 2
6201 13
6204 14
6218 6
6232 2
6246 19
6252 17
6254 2
6257 14
6269 20
6276 14
6279 17
6282 5
6290 3
6294 9
6313 17
6324 10
6334 5
6337 15
6339 17
6355 16
6362 1
6374 9
6388 6
6402 5
6407 20
6425 8
6441 12
6453 15
6468 7
6472 13
6475 6
6489 4
6491 8
6509 3
6525 5
6543 3
6560 1
6563 10
6569 16
6575 11
6590 15
6600 2
6607 1
6624 13
6643 20
6660 1
6677 2
6694 18
6703 6
6723 17
6726 10
6745 19
6755 1
6756 16
6764 6
6782 2
6783 7
6798 19
6817 11
6828 17
6830 19
6839 18
6859 17
6866 20
6881 7
6889 17
6905 18
6920 17
6930 15
6934 17
6947 1
6957 13
6976 5
6987 17
7002 13
7007 9
7010 6
7028 14
7030 5
7043 16
7054 1
7058 18
7076 19
7090 8
7095 18
7111 17
7121 6
7122 1
7132 3
7149 16
7156 14
7160 9
7179 2
7181 12
7199 7
7219 8
7238 3
7255 8
7268 2
7275 18
7286 3
7292 1
7300 7
7301 9
7310 9
7314 16
7328 20
7344 4
7357 18
7373 10
7377 7
7386 14
7395 5
7396 2
7402 8
7413 9
7423 16
7432 9
7434 1
7451 3
7452 12
7462 7
7473 5
7483 15
7497 17
7501 17
7504 4
7506 12
7526 3
7531 18
7541 15
7547 11
7549 6
7568 16
7586 15
7604 18
7622 19
7626 9
7629 6
7644 9
7646 11
7651 5
7665 7
7673 6
7674 4
7677 10
7695 8
7715 11
7728 10
7734 10
7738 15
7757 1
7770 15
7771 8
7791 8
7807 1
7825 12
7842 3
7852 4
7860 10
7867 10
7878 16
7887 2
7894 1
7905 4
7907 6
7926 1
7945 3
7952 19
7954 6
7972 9
7978 15
7991 15
8001 2
8019 17
8023 17
8042 6
8054 7
8074 10
8094 10
8108 1
8124 4
8137 14
8155 19
8159 20
8175 2
8195 2
8203 12
8211 17
8217 5
8231 1
8244 4
8250 17
8260 5
8266 1
8273 11
8287 14
8293 6
8300 4
8317 2
8332 4
8335 6
8352 11
8370 4
8389 3
8398 12
8413 1
8420 12
8437 17
8454 15
8471 15
8488 2
8496 3
8516 14
8534 16
8541 4
8560 10
8569 16
8581 18
8600 10
8612 19
8626 6
8638 20
8656 20
8664 6
8678 17
8698 11
8716 7
8721 17
8733 2
8737 18
8742 15
8761 5
8763 2
8766 12
8770 14
8781 17
8793 14
8801 9
8814 8
8828 7
8844 5
8853 5
8864 13
8878 14
8884 9
8887 2
8890 2
8896 16
8911 20
8919 18
8925 10
8931 17
8934 14
8939 15
8952 10
8965 20
8979 13
8983 16
8988 17
8989 2
8995 3
8998 20
9014 1
9030 11
9050 15
9058 5
9062 14
9075 18
9094 17
9098 11
9116 9
9126 11
9127 5
9145 18
9159 18
9178 19
9179 2
9189 8
9191 17
9209 13
9220 18
9230 6
9241 2
9244 1
9263 7
9274 16
9289 12
9308 7
9316 8
9320 1
9326 3
9337 18
9341 1
9346 17
9355 15
9364 20
9376 18
9381 14
9401 8
9415 10
9421 4
9438 12
9445 7
9463 6
9478 2
9485 12
9489 17
9490 19
9499 5
9506 18
9517 7
9526 2
9543 13
9558 8
9570 8
9579 9
9582 5
9602 1
9606 10
9613 10
2
241 845
84 819
