Test Data 1:
813 432
91358 92465 16141 87576 58224 55376 9617 19509 31944 77956 6995 70012 10090 91275 44217 4147 94128 3707 87218 87001 50628 58522 11266 63921 13003 98442 92447 94380 74772 75612 44163 66129 68076 60304 70057 26300 15679 96025 45808 63974 73980 69154 33985 421 60428 94554 4567 70907 98260 91784 57907 65239 50306 69172 29160 79660 83965 37958 90392 58737 13569 34554 41217 81645 11209 27625 24296 26888 23649 86455 7213 97628 55608 57550 98048 32388 52103 2614 19646 50362 10750 77553 31952 77407 63076 61111 57066 63393 15421 63809 38481 28989 98363 79697 26985 9571 7322 67632 52810 47322 54086 76375 44950 26046 33924 42997 58433 2378 61963 94430 69091 89064 88334 1042 66470 51410 78505 39887 31154 93925 3696 69634 39265 18410 65682 82602 44332 89355 50233 97142 36677 4319 89868 81626 46716 40143 40974 21500 42520 19288 15929 27962 8351 4263 29003 91172 72024 23859 31059 3177 34135 34754 89162 73400 53163 54843 56001 97494 60550 22585 10987 97226 26903 854 95203 89970 57348 36176 11469 99867 55464 27398 44180 80166 48012 89535 71338 20035 13393 2396 39563 63880 53501 45076 53631 6663 16270 9631 20508 76819 48567 31495 74044 91822 48700 69246 81791 6048 21774 93260 22266 93589 20657 82798 73754 85020 72332 61443 21406 85724 80190 77320 49603 33690 22395 3233 40352 38664 29215 77212 31835 77782 8706 22230 69603 73757 7828 51393 96156 29601 61004 34774 39541 98012 17571 29646 83031 89902 91089 4436 91977 71278 81755 57932 21320 20501 77516 78023 59165 6731 55234 7351 864 80291 29580 86818 54048 53759 54562 66555 83359 15566 1328 22899 13577 35250 68897 12960 41503 59985 17395 33480 47614 15502 91411 68933 36002 85278 46956 11518 92008 2189 35220 9223 82480 64800 12392 52879 18558 66954 19433 18269 98871 37113 57519 28799 88714 26415 58110 30217 2751 75505 63696 50365 7358 71458 35649 59711 56735 82604 71229 65095 1145 6448 90669 99976 87599 3061 69206 22509 86366 88638 40777 1588 42102 14647 30386 30816 41062 88496 61032 60164 80352 41079 10528 4061 12536 62529 63771 85622 45132 34999 67068 62628 57799 57737 62603 45397 77149 31808 84257 63514 36798 25033 81453 95251 56032 11838 26066 13445 16685 3449 73608 13388 44527 488 17448 73414 63016 81219 75388 24499 32569 42455 3479 90367 16543 82433 52116 93691 30593 36372 73556 67390 77757 55008 78992 33788 83198 5058 63584 16234 24858 37191 29622 85737 54030 47069 59150 33397 28287 50889 74248 60856 93344 77726 67574 26238 60158 19689 36281 90750 56061 26188 74491 50169 97548 53483 308 80745 74892 63891 96978 16101 17433 26599 1837 71463 90020 60987 21211 18306 11875 95458 95513 21570 73183 63087 64160 49693 82775 440 40442 55187 26627 31285 21707 24174 1119 22014 21270 76010 85904 34600 8462 19689 61198 10299 7503 51217 71285 28713 85875 99511 24171 81387 37433 13705 44473 1592 63397 43600 18383 20191 15138 45009 51475 36845 85535 68945 58858 6804 61306 61114 41403 69767 80802 18953 80065 88304 86521 67701 17016 72395 67212 57538 70134 20996 71243 30958 38939 50991 90909 57321 71181 6047 2329 39007 42891 4215 7951 18100 11019 69256 79213 68773 39023 76366 4077 35439 81021 90598 3140 98037 79344 86703 71926 65829 7698 59520 96787 46636 10511 87695 3956 98043 10093 22636 53402 69335 26851 77704 87435 54221 46960 82999 22993 2334 75717 27070 54124 56737 34019 57263 71125 29714 43965 43051 95543 51662 2570 92329 14649 29432 96375 18604 27475 6468 57592 97228 92154 84442 74931 95940 38662 38242 78939 78006 56927 71007 21427 11051 27743 71797 68313 15220 1511 12278 58270 97053 80291 77191 5733 94940 6623 2107 29895 50449 24926 87486 47676 17080 88279 38958 13019 43292 77200 8309 37650 34126 79315 75428 45176 23410 47225 13489 38629 48735 42118 13250 62139 22408 90440 67871 33699 13414 69977 79946 80214 94903 83783 44241 28334 72062 83199 41352 31705 60398 66013 69354 94523 61679 44782 56051 85088 92006 69539 40068 57092 28008 53317 19230 66767 60109 87100 466 73522 73428 80411 53736 84682 64193 14328 13015 52606 97526 70719 84311 57923 36731 70016 68798 98409 14797 24848 99849 23154 10738 56268 80245 38745 9585 15826 5511 69693 2925 22328 59566 76353 19090 29653 61034 99635 43981 90401 52240 41506 61119 52902 99429 14201 22918 84578 28961 37714 9425 45161 77220 20162 1429 57464 75258 11013 73290 80768 97057 92566 3096 56622 85270 22185 86275 62656 21819 30255 53056 90411 88112 14174 43312 3892 44726 66229 88469 73686 20295 14245 18847 97514 34406 20275 71329 9663 47639 44618 6783 44695 53536 9878 1316 38805 48414 3942 1460 86585 50548 54515 76995 38660 85040 36658 42551 29765 2887 47372 19803 39533 61616 38649 37046 12374 75275 8374 22036 22913 69344 45170 67607 22879 71399 85274 78035 19813 5568 95847 22749 56115 66713 16095 11126 68105 52752 70029 14221 71990 17400 34023 27874 95367 89023 64919 7740 80649 89645 46128 3561 58988 91297 87519 98218 62696 89145 92604 
1 273 724
1 676 790
1 375 643
0 631 730 47
0 505 695 49
1 113 186
0 242 786 97
1 772 796
0 14 660 46
1 119 489
0 95 351 34
0 102 748 86
1 639 654
0 85 612 71
1 713 724
1 58 720
0 457 584 51
1 430 655
0 330 548 64
0 435 766 61
1 54 417
0 257 447 96
0 55 339 88
1 553 806
0 36 50 28
1 308 681
1 35 522
0 20 606 49
1 512 786
0 115 594 93
1 106 127
1 199 749
0 191 469 52
1 31 809
0 384 711 11
1 174 351
1 370 779
1 342 760
0 51 123 61
1 280 350
1 50 784
1 194 305
1 300 610
0 296 330 75
1 85 611
0 148 780 93
1 552 634
1 23 684
0 566 745 59
1 554 644
1 136 496
0 435 628 64
1 519 789
1 500 586
0 654 734 24
1 193 809
0 586 806 91
1 517 538
1 279 483
1 173 774
0 302 343 49
0 125 284 55
1 52 379
1 219 540
1 732 746
1 35 480
1 150 252
1 544 659
0 577 754 63
0 483 739 100
0 104 219 29
1 357 593
1 315 575
0 262 293 74
0 296 429 62
0 106 333 4
1 115 609
0 88 297 69
0 467 721 59
1 437 445
1 173 802
1 204 318
0 153 580 85
0 336 584 36
0 444 719 18
1 228 514
0 350 356 9
1 24 571
0 202 461 94
1 81 633
0 555 591 86
1 413 805
1 286 330
1 191 528
1 28 705
0 2 392 79
0 20 72 71
0 29 147 79
1 350 535
1 91 312
0 650 810 63
1 166 226
1 417 694
0 63 476 95
0 64 476 55
1 547 785
1 575 687
1 163 303
0 47 474 46
0 225 755 89
0 108 308 68
1 403 724
1 563 786
1 225 605
1 443 527
0 43 84 68
1 345 397
1 57 392
0 282 779 29
1 32 486
1 228 239
1 200 396
1 145 550
0 125 616 23
1 65 164
0 398 627 15
1 126 390
1 91 259
1 637 706
1 247 309
0 267 291 63
0 15 147 11
1 271 597
0 515 676 63
1 100 547
1 80 691
0 685 704 53
1 527 720
0 590 721 15
0 175 226 70
0 292 373 46
1 410 643
0 330 345 26
1 125 631
0 264 294 68
0 172 308 79
1 212 299
0 277 279 12
0 345 806 11
1 57 214
1 229 466
0 309 551 74
0 433 550 9
0 209 540 87
1 730 756
0 128 387 18
0 436 722 47
1 83 538
0 303 507 45
0 197 377 92
0 320 418 4
1 86 349
0 60 239 4
0 230 427 97
0 334 390 1
0 34 517 51
0 540 789 96
1 107 109
0 428 755 98
1 75 704
1 260 519
0 276 362 48
1 174 681
0 177 507 47
0 210 812 11
0 388 542 40
1 109 497
1 679 727
1 373 753
0 78 768 76
0 108 496 96
0 118 660 16
0 741 752 1
0 415 763 57
1 625 670
0 156 533 61
0 12 613 13
0 322 650 54
1 518 757
0 390 792 55
0 91 684 70
1 60 339
1 316 617
0 128 611 9
1 176 471
1 26 749
1 340 347
1 39 739
1 17 487
1 405 782
0 428 495 72
1 242 445
1 456 613
1 166 431
0 607 636 30
0 235 297 64
1 678 688
1 12 116
0 303 521 93
1 351 770
0 300 348 44
1 147 674
0 47 312 66
0 408 508 21
1 254 742
0 606 696 15
0 97 567 76
0 20 404 85
1 40 177
1 150 185
1 11 302
0 184 625 3
0 447 634 44
0 75 144 19
0 608 617 1
1 61 801
0 391 614 60
0 18 653 30
0 237 636 100
1 19 48
1 21 465
0 129 594 27
0 271 766 28
0 281 799 24
1 208 514
0 59 285 86
0 276 511 78
1 356 729
0 129 507 91
0 106 454 90
0 399 481 58
0 228 608 78
0 606 653 84
0 290 419 74
0 537 801 72
0 629 647 69
1 306 323
1 183 515
0 285 750 88
1 3 807
1 86 615
0 446 620 55
0 97 564 31
0 287 445 61
1 15 308
0 337 369 16
1 579 638
1 110 574
0 323 680 62
1 481 666
0 288 724 39
0 474 713 55
1 344 549
0 358 611 39
1 122 166
0 700 803 96
1 140 564
0 431 756 38
1 353 363
0 273 767 57
1 421 499
0 519 802 3
1 355 568
0 520 689 57
0 331 478 60
1 165 617
0 314 722 79
0 17 503 12
0 392 781 60
1 593 663
0 125 480 46
0 593 747 59
1 44 653
1 381 733
1 186 300
0 209 549 3
0 46 806 39
1 437 661
1 510 785
1 96 176
0 677 787 30
0 52 364 23
0 378 744 18
1 419 563
1 53 574
1 45 375
1 566 573
0 263 537 5
0 387 407 51
0 26 208 25
1 56 571
1 257 433
0 182 242 69
0 363 802 36
1 237 737
1 245 772
0 758 781 7
1 181 351
1 131 389
1 207 714
0 157 754 42
1 398 813
1 19 801
0 380 589 50
0 135 689 9
1 273 411
1 379 520
0 509 744 7
0 215 471 29
1 372 584
0 583 769 10
0 326 646 71
1 277 480
1 720 808
0 23 317 65
0 401 663 93
0 164 597 64
0 304 487 14
1 208 460
1 88 189
1 52 733
0 286 764 89
0 36 513 31
1 436 519
0 40 796 57
0 334 629 46
0 26 57 60
0 240 308 40
0 230 593 76
1 520 543
1 154 555
1 612 650
0 11 110 57
0 74 720 17
1 4 242
0 22 469 15
1 69 776
1 661 760
0 146 767 76
1 54 694
1 248 458
1 258 568
1 331 414
0 594 787 95
1 486 609
1 57 204
0 272 500 90
0 365 438 58
1 165 641
1 285 424
0 39 592 99
1 208 729
1 458 801
0 130 340 30
0 333 679 19
1 365 555
0 179 484 64
1 98 401
1 522 686
1 55 479
1 441 518
0 429 759 95
0 295 523 48
0 383 447 89
0 681 811 3
1 489 614
0 76 712 94
0 516 685 58
0 477 502 6
0 447 560 75
0 270 400 96
1 537 620
1 372 464
0 134 608 77
0 96 205 65
0 270 723 24
0 414 539 87
0 388 723 9
1 548 561
1 396 476
0 282 357 92
1 186 243
0 619 629 26
0 13 597 50
1 189 659
0 130 139 97
1 357 517
0 251 672 94
0 121 254 1
1 231 356
0 473 558 73
0 32 719 67
0 535 780 74
1 56 809
0 121 611 52
0 428 560 38
1 100 227
1 175 465
0 202 285 9
1 210 323
1 109 255
1 643 789
0 31 552 83
1 152 488
0 139 670 55
1 23 58
0 310 800 53
0 26 504 22
0 13 478 41
0 337 733 79
1 256 464
0 340 600 35
0 538 685 5
0 461 521 89
0 69 770 81
1 94 595
0 362 717 100
0 145 237 60
1 40 280
0 288 620 15
1 388 421
1 13 691
---------------
Correct Answer:
99976
99849
99511
99867
95944
100119
94848
97287
100310
99862
100310
100189
100494
100494
100189
94804
100636
100688
100688
100200
100200
100688
100688
99583
100688
100763
97935
100856
97994
100856
100352
98878
100856
98878
100856
100856
100905
100905
98001
100905
100482
98058
100349
100905
100971
83658
100971
100971
101056
101056
101150
100707
101150
101150
101150
100488
100748
100748
100770
100770
100770
100898
100859
100859
101514
100773
96648
101514
101543
99363
101543
101543
99101
101566
101035
100888
100486
101566
101566
101566
100951
100840
101612
100679
101035
101612
98356
101791
101928
62988
102076
102076
102124
102182
101005
101360
99039
101362
102514
102514
102523
102523
88187
102523
102523
101867
102523
101939
102523
81820
99326
102032
102660
102660
101676
101676
101762
102824
98826
102954
103033
102523
103444
103444
103532
103532
102565
99705
103624
100883
103025
99658
103663
98901
103159
103159
103720
97995
103857
103416
102719
103458
102262
102128
103476
103922
103922
100429
103927
103927
103927
103927
103927
103927
103927
103559
103969
103978
103618
103647
104007
99456
104150
102356
104150
104009
102015
104403
98087
102461
104435
102547
104511
104511
104511
99861
102108
102552
104601
104601
104700
104485
104504
104794
102737
104794
104568
102321
101527
104880
100075
105077
101913
105275
105127
105369
105436
103087
105488
105488
103087
103158
105571
99642
105742
105916
103429
103939
106031
--------------
Output Answer:
99976
99849
99511
99867
95944
100119
94848
97287
100310
99862
100310
100189
100494
100494
100189
94804
100636
100688
100688
100200
100200
100688
100688
99583
100688
100763
97935
100856
97994
100856
100352
98878
100856
98878
100856
100856
100905
100905
98001
100905
100482
98058
100349
100905
100971
83658
100971
100971
101056
101056
101150
100707
101150
101150
101150
100488
100748
100748
100770
100770
100770
100898
100859
100859
101514
100773
96648
101514
101543
99363
101543
101543
99101
101566
101035
100888
100486
101566
101566
101566
100951
100840
101612
100679
101035
101612
98356
101791
101928
62988
102076
102076
102124
102182
101005
101360
99039
101362
102514
102514
102523
102523
88187
102523
102523
101867
102523
101939
102523
81820
99326
102032
102660
102660
101676
101676
101762
102824
98826
102954
103033
102523
103444
103444
103532
103532
102565
99705
103624
100883
103025
99658
103663
98901
103159
103159
103720
97995
103857
103416
102719
103458
102262
102128
103476
103922
103922
100429
103927
103927
103927
103927
103927
103927
103927
103559
103969
103978
103618
103647
104007
99456
104150
102356
104150
104009
102015
104403
98087
102461
104435
102547
104511
104511
104511
99861
102108
102552
104601
104601
104700
104485
104504
104794
102737
104794
104568
102321
101527
104880
100075
105077
101913
105275
105127
105369
105436
103087
105488
105488
103087
103158
105571
99642
105742
105916
103429
103939
106031
---------------------------
