 1 *1
 2    *2
 3  2    *5
 4     2    *6
 5  3  2  2    *12
 6           2    *8
 7  4  3  2  2  2    *20
 8     3     2     2    *15
 9  5     3  2     2  2    *23
10     4           2     2    *18
11  6  4  3  3  2  2  2  2  2    *37
12           3     2           2    *19
13  7  5  4  3  3  2  2  2  2  2  2    *47
14     5     3           2     2     2    *28
15  8     4        3  2        2     2  2    *38
16     6     4     3     2     2     2     2    *37
17  9  6  5  4  3  3  3  2  2  2  2  2  2  2  2    *66
18           4     3           2     2           2    *31
19 10  7  5  4  4  3  3  3  2  2  2  2  2  2  2  2  2    *76
20     7           3     3     2     2           2     2    *41
21 11     6  5        3     3  2     2        2  2     2  2    *61
22     8     5     4     3           2     2     2     2     2    *52
23 12  8  6  5  4  4  3  3  3  3  2  2  2  2  2  2  2  2  2  2  2    *96
24           5     4           3     2           2     2           2    *44
25 13  9  7     5  4  4  3     3  3  2  2     2  2  2  2     2  2  2  2    *96
26     9     6     4     3     3           2     2     2     2     2     2    *63
27 14     7  6     4  4     3  3     3  2     2  2     2  2     2  2     2  2    *89
28    10     6           4     3     3     2     2     2           2     2     2    *66
29 15 10  8  6  5  5  4  4  3  3  3  3  3  2  2  2  2  2  2  2  2  2  2  2  2  2  2    *129
30                 5           3     3           2     2           2                 2    *49
31 16 11  8  7  6  5  4  4  4  3  3  3  3  3  2  2  2  2  2  2  2  2  2  2  2  2  2  2  2    *141
32    11     7     5     4     3     3     3     2     2     2     2     2     2     2     2    *84
33 17     9  7     5  5     4        3  3     3  2     2  2        2     2  2     2  2     2  2    *109
34    12     7     5     4     4     3     3           2     2     2     2     2     2     2     2    *88
35 18 12  9     6     5  4     4  3  3        3  3  2  2        2  2  2     2  2     2     2  2  2  2    *129
36           8     6           4     3           3     2           2     2           2     2           2    *72
37 19 13 10  8  7  6  5  5  4  4  4  3  3  3  3  3  3  2  2  2  2  2  2  2  2  2  2  2  2  2  2  2  2  2  2    *176
38    13     8     6     5     4     3     3     3           2     2     2     2     2     2     2     2     2    *101
39 20    10  8     6  5     4  4        3     3  3     3  2     2  2     2        2  2     2  2     2  2     2  2    *132
40    14           6     5     4     4           3     3     2     2           2     2     2     2           2     2    *95
