1:  0   0   0   0   0   0   0   0   0   0   0   0   0   0   0   0   0   0   0   0 
2:  1   0   0   0   0   0   0   0   0   0   0   0   0   0   0   0   0   0   0   0 
3:  2   2   1   0   0   0   0   0   0   0   0   0   0   0   0   0   0   0   0   0 
4:  3   5   6   5   3   1   0   0   0   0   0   0   0   0   0   0   0   0   0   0 
5:  4   9  15  20  22  20  15   9   4   1   0   0   0   0   0   0   0   0   0   0 
6:  5  14  29  49  71  90 101 101  90  71  49  29  14   5   1   0   0   0   0   0 
7:  6  20  49  98 169 259 359 455 531 573 573 531 455 359 259 169  98  49  20   6 
8:  7  27  76 174 343 602 961 1415 1940 2493 3017 3450 3736 3836 3736 3450 3017 2493 1940 1415 
9:  8  35 111 285 628 1230 2191 3606 5545 8031 11021 14395 17957 21450 24584 27073 28675 29228 28675 27073 
10:  9  44 155 440 1068 2298 4489 8095 13640 21670 32683 47043 64889 86054 110010 135853 162337 187959 211089 230131 
