 1  2  3  4  5  6  7  8  9 10 11 12 13 14 15 16 17 18 19 20 21 22 23 24 25 26 27 28 29 30 31 32 33 34 35 36 37 38 39 40 41 42 43 44 45 46 47 48 49 50 
    2     4     6     8    10    12    14    16    18    20    22    24    26    28    30    32    34    36    38    40    42    44    46    48    50 
       3        6        9       12       15       18       21       24       27       30       33       36       39       42       45       48       
          4           8          12          16          20          24          28          32          36          40          44          48       
             5             10             15             20             25             30             35             40             45             50 
                6                12                18                24                30                36                42                48       
                   7                   14                   21                   28                   35                   42                   49    
                      8                      16                      24                      32                      40                      48       
                         9                         18                         27                         36                         45                
                           10                            20                            30                            40                            50 
